************ Bubble sort ************ 

Now is array with  from 0 to 7 numbers.
Length	Average		Min		Max
1000		1890519		1704810		3127957
2000		9496222		7034678		29580136
3000		17412755		16971206		21889168
4000		33710169		32380023		39067894
5000		55938474		54171432		62027737
6000		83695476		80643225		90502345
7000		116290127		112751028		122501870
8000		154911602		150213748		167272260
9000		200485434		194507516		208416615

Now is array with from 0 to INT_MAX numbers.
Length	Average		Min		Max
1000		1893556		1848559		3634676
2000		7876043		7496307		10558113
3000		18463031		17899688		21663582
4000		34720220		33585780		38986560
5000		57705853		55848432		63188311
6000		86714541		83801349		97356192
7000		120040423		116220476		130672637
8000		161444205		156273896		175958197
9000		205561713		199796175		216701727

Now is array with semi-sorted numbers.
Length	Average		Min		Max
1000		1244876		1199706		1843126
2000		4949653		4773750		5921927
3000		11389224		10734222		13762765
4000		19872664		19100506		24456693
5000		31057385		29838952		35852712
6000		44700825		42969314		49756519
7000		60228226		58488217		65139991
8000		78794622		76409167		87382112
9000		99573067		96774542		105998488

Now is array with already sorted numbers.
Length	Average		Min		Max
1000		2125270		2070287		3390927
2000		9122711		8614560		11264007
3000		19495272		18617268		23444291
4000		35214099		33742754		43866695
5000		53594703		51708297		60190837
6000		77757695		74833944		88688912
7000		105033735		101368091		114700367
8000		138567685		133536248		156037940
9000		174110762		168381639		192545155

************ Iverson's bubble sort number One ************ 

Now is array with  from 0 to 7 numbers.
Length	Average		Min		Max
1000		1793045		1709538		3292038
2000		7509393		6811867		9698749
3000		16776187		15977736		20205655
4000		31526797		30072732		36496843
5000		52336491		50058087		64230930
6000		77640656		74884122		84503300
7000		109529268		105964106		118618387
8000		147574012		142796282		159885575
9000		190604416		184386775		204546707

Now is array with from 0 to INT_MAX numbers.
Length	Average		Min		Max
1000		1942897		1875636		3079610
2000		7950195		7409763		10311789
3000		18306410		17386196		21802705
4000		33527403		32146961		37875190
5000		54738566		52830117		62178092
6000		81401475		78420260		90350848
7000		114278033		110199161		124792317
8000		153149001		148408326		161003389
9000		197646635		192086325		211517311

Now is array with semi-sorted numbers.
Length	Average		Min		Max
1000		1266603		1196550		2289602
2000		5030059		4752118		6868433
3000		11267573		10711818		13888692
4000		19828193		19059067		22922461
5000		31028711		29771106		34512439
6000		44215292		42897177		49020994
7000		60377439		58426345		68150547
8000		78657889		76324871		83803182
9000		100158580		96655067		109863436

Now is array with already sorted numbers.
Length	Average		Min		Max
1000		2174623		2075012		3739526
2000		9277534		8654583		11729250
3000		19919270		18950527		22919990
4000		34650838		33083741		40577090
5000		53702297		51707999		61492650
6000		76708083		74445365		85416746
7000		104537398		101585006		112775948
8000		137575140		133296519		148341471
9000		174367420		168091088		185052284

************ Iverson's bubble sort number Two ************ 

Now is array with  from 0 to 7 numbers.
Length	Average		Min		Max
1000		1839677		1821050		1912443
2000		8412101		7775448		10860673
3000		19592792		18821894		22426809
4000		36645775		35345876		40226604
5000		62141521		58878360		71692561
6000		90407911		86210143		100073193
7000		124360281		120645160		132017019
8000		168876450		161933592		185722425
9000		214826665		207020199		229653178

Now is array with from 0 to INT_MAX numbers.
Length	Average		Min		Max
1000		2029994		1990443		2535014
2000		8849081		8257156		11207168
3000		20947920		19908213		26480912
4000		38811010		37242897		43892082
5000		62957174		60503202		72240685
6000		93771465		89902880		101989346
7000		130544900		126135463		137866243
8000		172919959		167503581		186917839
9000		222310649		215731630		234669123

Now is array with semi-sorted numbers.
Length	Average		Min		Max
1000		920968		885406		1720130
2000		946742		887818		1768042
3000		972142		887585		1753863
4000		975267		887655		1724752
5000		907767		885447		1077440
6000		934399		890240		1818293
7000		978749		896041		1845026
8000		922435		898267		1135865
9000		936216		891180		1735250

Now is array with already sorted numbers.
Length	Average		Min		Max
1000		2306254		2157999		3996557
2000		9118275		8632008		13028454
3000		20342244		19469896		24256002
4000		35961194		34606406		40109856
5000		55905172		54004704		61085442
6000		81691680		78463966		87609262
7000		109513525		106007203		116827558
8000		143241197		138614249		155060959
9000		181119499		175228886		192204360

************ Counting sort ************ 

Now is array with  from 0 to 7 numbers.
Length	Average		Min		Max
1000		10514		10481		10892
2000		20734		20684		20910
3000		30984		30847		32905
4000		41780		41141		81700
5000		51460		51317		51549
6000		61694		61518		63132
7000		71951		71828		72291
8000		82783		82203		122417
9000		92540		92391		94392

Now is array with semi-sorted numbers.
Length	Average		Min		Max
1000		11509		11207		11866
2000		21746		21564		23592
3000		31792		31212		33413
4000		44394		42771		68042
5000		74942		54707		176679
6000		70001		64220		122176
7000		80477		76500		143146
8000		101191		84709		177832
9000		124765		99912		273971

Now is array with already sorted numbers.
Length	Average		Min		Max
1000		61287		53099		322330
2000		71537		63358		129357
3000		77872		74014		85180
4000		84632		84058		104148
5000		101598		94309		162428
6000		120878		104583		233383
7000		125071		115058		305150
8000		127502		125148		267509
9000		138872		135752		173458

************ Binary insertion sort ************ 

Now is array with  from 0 to 7 numbers.
Length	Average		Min		Max
1000		802141		729923		1425225
2000		2845215		2592995		4741690
3000		6351841		5894561		8526927
4000		10528744		9850607		13231906
5000		16419911		15660021		20106577
6000		23121646		22097466		26336483
7000		30625795		29619597		34254171
8000		40869289		39380024		47222093
9000		50714411		49048168		54634157

Now is array with from 0 to INT_MAX numbers.
Length	Average		Min		Max
1000		895382		868502		1216301
2000		3186075		3031097		5146768
3000		6977714		6563941		9290819
4000		12230270		11574456		15052904
5000		18531227		17712551		22164880
6000		26222922		24905182		32483102
7000		35874819		34528882		41440827
8000		45883054		44350581		50588484
9000		58716887		56236159		65748580

Now is array with semi-sorted numbers.
Length	Average		Min		Max
1000		100785		100334		130708
2000		217623		216371		254276
3000		346229		344496		411338
4000		493953		471842		955636
5000		640044		611360		866568
6000		767256		749690		1135152
7000		939433		890285		1808601
8000		1098793		1028410		1682229
9000		1254933		1177433		2285134

Now is array with already sorted numbers.
Length	Average		Min		Max
1000		1588745		1435000		2909863
2000		5989055		5577271		8009654
3000		13069826		12409323		15628167
4000		23001723		21953676		26384745
5000		35519815		34186703		40412138
6000		50930066		49100970		58301058
7000		68948422		66770341		74749030
8000		90584752		87386111		100929257
9000		114752742		111035092		122717450

************ Insertion sort ************ 

Now is array with  from 0 to 7 numbers.
Length	Average		Min		Max
1000		930001		925700		1027484
2000		4023743		3819333		6059182
3000		9093668		8289380		12809432
4000		15697135		14822104		20447483
5000		24401086		23275950		28250020
6000		34949990		33527880		41799627
7000		47578238		45708984		53475517
8000		62158384		59905344		69826214
9000		79683989		76148305		87543645

Now is array with from 0 to INT_MAX numbers.
Length	Average		Min		Max
1000		1101871		1083242		2035045
2000		4511190		4205730		6607702
3000		10443091		9647005		12802489
4000		17843454		16807343		21895846
5000		27934823		26720690		32460635
6000		39744203		38092304		45615988
7000		54024394		52022187		61357609
8000		71364377		68708666		78274558
9000		90038224		86898039		101562927

Now is array with semi-sorted numbers.
Length	Average		Min		Max
1000		13987		13898		17138
2000		20270		19270		53166
3000		19353		19276		19474
4000		22258		22092		26321
5000		24806		24713		24906
6000		30772		27469		127155
7000		30505		30372		30601
8000		33007		32872		34810
9000		36830		35829		82666

Now is array with already sorted numbers.
Length	Average		Min		Max
1000		2306991		2133956		4123915
2000		9103792		8528726		11658452
3000		20068663		19211234		23160289
4000		35533082		34146324		46456127
5000		55213377		53313903		61123807
6000		79911994		77262283		86514227
7000		108533495		104604661		116832581
8000		142030996		136898517		151074430
9000		179755142		173161257		193997960

************ Radix sort ************ 

Now is array with  from 0 to 7 numbers.
Length	Average		Min		Max
1000		46402		45739		69887
2000		91692		91520		93497
3000		137768		136991		174386
4000		183445		182763		221129
5000		246787		228434		528262
6000		285764		274213		343316
7000		328082		319629		493688
8000		367300		365363		402578
9000		461435		410959		986880

Now is array with from 0 to INT_MAX numbers.
Length	Average		Min		Max
1000		474971		442306		612346
2000		928832		883522		1354864
3000		1452748		1325173		2483803
4000		1910995		1767511		3150243
5000		2474794		2210607		3696826
6000		2915083		2650506		3990253
7000		3490232		3091999		5073187
8000		3964041		3533629		5917400
9000		4315030		3973166		6368097

Now is array with semi-sorted numbers.
Length	Average		Min		Max
1000		144421		133392		174814
2000		274946		266481		393693
3000		440395		399640		913859
4000		626960		532991		1135078
5000		743572		666179		1437384
6000		888212		799592		1740704
7000		983632		931720		2028825
8000		1188916		1064983		2142952
9000		1318425		1197657		2339862

Now is array with already sorted numbers.
Length	Average		Min		Max
1000		198613		177441		297466
2000		361155		354319		513275
3000		565833		531422		807015
4000		805770		708515		1595145
5000		964039		886208		1778638
6000		1143092		1063114		1927044
7000		1368175		1239995		2615967
8000		1517288		1416825		2581998
9000		1668592		1593380		2643077

